BJD - 2454833, Corrected Flux
2749.610385428, 0.997866698,
2749.630817362, 0.998009968,
2749.651249196, 0.997960084,
2749.671681229, 0.998244174,
2749.692113162, 0.998280367,
2749.712544995, 0.998292826,
2749.732977027, 0.998416600,
2749.753408959, 0.998421826,
2749.773840791, 0.998538111,
2749.794272822, 0.998507480,
2749.814704753, 0.998577011,
2749.835136584, 0.998629992,
2749.855568614, 0.998771303,
2749.876000544, 0.998854244,
2749.916864403, 0.998592547,
2749.937296332, 0.998676971,
2749.957728161, 0.998663432,
2749.978160189, 0.998571338,
2749.998592117, 0.998637027,
2750.019023945, 0.998735310,
2750.039455972, 0.998806060,
2750.059887899, 0.998840989,
2750.080319826, 0.998840474,
2750.100751752, 0.998827905,
2750.121183678, 0.998916915,
2750.141615604, 0.998953615,
2750.162047529, 0.998959387,
2750.182479454, 0.999011684,
2750.202911479, 0.999026711,
2750.223343304, 0.999082935,
2750.243775228, 0.999078484,
2750.264207251, 0.999070104,
2750.284639075, 0.999131106,
2750.305070998, 0.999028266,
2750.325503021, 0.999016417,
2750.345934843, 0.999118309,
2750.366366765, 0.999106531,
2750.386798787, 0.999219586,
2750.407230609, 0.999196009,
2750.427662530, 0.999323520,
2750.448094551, 0.999385124,
2750.468526471, 0.999389117,
2750.488958291, 0.999359456,
2750.509390311, 0.999319310,
2750.529822231, 0.999298424,
2750.550254150, 0.999259550,
2750.570686069, 0.999383938,
2750.591117988, 0.999453148,
2750.611549906, 0.999599035,
2750.652413742, 0.999389224,
2750.672845659, 0.999381819,
2750.693277576, 0.999403837,
2750.713709493, 0.999371347,
2750.734141409, 0.999352277,
2750.754573325, 0.999450972,
2750.775005141, 0.999432981,
2750.795437156, 0.999366286,
2750.815869071, 0.999353349,
2750.836300886, 0.999451653,
2750.856732900, 0.999381820,
2750.877164814, 0.999378890,
2750.897596728, 0.999428133,
2750.918028641, 0.999376181,
2750.938460555, 0.999333085,
2750.958892468, 0.999366440,
2750.979324380, 0.999355263,
2750.999756292, 0.999353126,
2751.020188304, 0.999340892,
2751.040620215, 0.999396675,
2751.061052027, 0.999369349,
2751.081484038, 0.999483597,
2751.101915948, 0.999418487,
2751.142779769, 0.999462655,
2751.163211678, 0.999502828,
2751.183643487, 0.999523797,
2751.204075496, 0.999513130,
2751.224507405, 0.999494264,
2751.244939214, 0.999457698,
2751.265371222, 0.999542040,
2751.285803129, 0.999481479,
2751.306235037, 0.999519064,
2751.326666944, 0.999518232,
2751.347098851, 0.999517390,
2751.367530757, 0.999550881,
2751.387962663, 0.999539515,
2751.408394569, 0.999543950,
2751.428826475, 0.999569189,
2751.449258380, 0.999557880,
2751.469690285, 0.999490889,
2751.490122090, 0.999498461,
2751.510554094, 0.999498225,
2751.530985998, 0.999547259,
2751.551418001, 0.999508512,
2751.571849805, 0.999553371,
2751.592281708, 0.999590296,
2751.612713710, 0.999608970,
2751.633145513, 0.999640282,
2751.653577415, 0.999549153,
2751.674009417, 0.999552208,
2751.694441218, 0.999551518,
2751.714873119, 0.999628469,
2751.735305120, 0.999560843,
2751.755736921, 0.999658949,
2751.776168821, 0.999560194,
2751.796600821, 0.999589815,
2751.817032620, 0.999632099,
2751.837464520, 0.999606352,
2751.857896519, 0.999572720,
2751.878328417, 0.999611755,
2751.898760216, 0.999653068,
2751.919192214, 0.999551253,
2751.939624111, 0.999451933,
2751.960055909, 0.999686428,
2751.980487906, 0.999705703,
2752.000919803, 0.999774352,
2752.021351799, 0.999763980,
2752.041783595, 0.999755528,
2752.062215491, 0.999608610,
2752.082647487, 0.999841988,
2752.123511177, 0.999864023,
2752.143943172, 0.999917526,
2752.164374966, 0.999939787,
2752.184806860, 0.999894828,
2752.205238854, 0.999988918,
2752.225670647, 0.999926055,
2752.246102540, 0.999950954,
2752.266534433, 0.999974538,
2752.286966326, 0.999934518,
2752.307398218, 0.999953035,
2752.327830110, 0.999924054,
2752.348262001, 0.999854902,
2752.368693893, 0.999875499,
2752.389125884, 0.999854254,
2752.409557674, 0.999712589,
2752.429989564, 0.999773870,
2752.450421554, 0.999732460,
2752.470853344, 0.999830867,
2752.491285334, 0.999799364,
2752.511717223, 0.999747239,
2752.532149012, 0.999833804,
2752.552581000, 0.999919155,
2752.573012888, 0.999966075,
2752.613876664, 0.999968048,
2752.634308551, 1.000012344,
2752.654740338, 0.999988143,
2752.675172325, 1.000038161,
2752.695604211, 1.000000000,
2752.716036097, 0.999948188,
2752.736467983, 0.999997397,
2752.756899869, 0.999968590,
2752.777331754, 0.999907774,
2752.797763639, 0.999845863,
2752.818195523, 0.999937348,
2752.838627408, 0.999866873,
2752.859059392, 0.999782789,
2752.879491175, 0.999795473,
2752.899923059, 0.999797930,
2752.920355042, 0.999841759,
2752.940786824, 0.999837891,
2752.961218807, 0.999795538,
2752.981650589, 0.999751655,
2753.002082471, 0.999947425,
2753.022514453, 0.999933774,
2753.042946234, 1.000001379,
2753.063378115, 0.999957471,
2753.124673756, 1.000125208,
2753.145105736, 1.000081583,
2753.165537515, 1.000110055,
2753.185969394, 1.000152387,
2753.206401373, 1.000075558,
2753.226833252, 1.000043594,
2753.247265030, 1.000098531,
2753.267697008, 1.000109039,
2753.288128886, 1.000158566,
2753.308560663, 1.000136096,
2753.328992640, 1.000054474,
2753.349424517, 1.000043440,
2753.369856494, 1.000035513,
2753.390288270, 1.000035777,
2753.410720146, 1.000017254,
2753.431152121, 1.000048327,
2753.451583897, 1.000120566,
2753.472015772, 0.999962278,
2753.492447746, 0.999760973,
2753.512879521, 0.999773780,
2753.533311395, 0.999718307,
2753.553743369, 0.999853543,
2753.594607016, 0.999575514,
2753.676334606, 1.000201196,
2753.696766377, 1.000212561,
2753.717198249, 1.000181563,
2753.737630220, 1.000170064,
2753.758061991, 1.000206737,
2753.778493862, 1.000184487,
2753.798925832, 1.000232717,
2753.819357602, 1.000247346,
2753.839789572, 1.000265346,
2753.860221441, 1.000241788,
2753.880653210, 1.000307843,
2753.901085179, 1.000315344,
2753.921517048, 1.000326456,
2753.941948816, 1.000339842,
2753.962380784, 1.000421590,
2753.982812652, 1.000466972,
2754.003244419, 1.000437535,
2754.023676386, 1.000396478,
2754.044108253, 1.000421792,
2754.084971986, 1.000425813,
2754.105403852, 1.000410805,
2754.125835717, 1.000385937,
2754.146267583, 1.000439369,
2754.166699448, 1.000359102,
2754.187131312, 1.000342282,
2754.207563277, 1.000362727,
2754.227995041, 1.000364349,
2754.248426905, 1.000288918,
2754.268858869, 1.000364459,
2754.289290632, 1.000334013,
2754.309722595, 1.000277774,
2754.330154458, 1.000303318,
2754.350586220, 1.000334822,
2754.371018183, 1.000301234,
2754.391450045, 1.000347817,
2754.411881806, 1.000368464,
2754.432313768, 1.000340690,
2754.452745629, 1.000397880,
2754.473177389, 1.000357537,
2754.493609350, 1.000355758,
2754.514041110, 1.000380376,
2754.534472970, 1.000375058,
2754.575336789, 1.000340116,
2754.595768548, 1.000322664,
2754.616200507, 1.000322992,
2754.636632365, 1.000352188,
2754.657064123, 1.000307982,
2754.677496081, 1.000362854,
2754.697927939, 1.000322098,
2754.718359796, 1.000366938,
2754.738791653, 1.000385139,
2754.759223510, 1.000349341,
2754.779655466, 1.000302247,
2754.800087223, 1.000306679,
2754.820519079, 1.000347639,
2754.840951034, 1.000375058,
2754.861382790, 1.000353132,
2754.881814645, 1.000289956,
2754.902246599, 1.000336003,
2754.922678354, 1.000372206,
2754.943110208, 1.000347895,
2754.963542162, 1.000288705,
2754.983973916, 1.000323915,
2755.004405769, 1.000418609,
2755.024837722, 1.000373233,
2755.065701328, 1.000444923,
2755.086133280, 1.000427961,
2755.106565132, 1.000438295,
2755.126996884, 1.000474112,
2755.147428835, 1.000437518,
2755.167860686, 1.000519429,
2755.188292537, 1.000485723,
2755.208724387, 1.000558231,
2755.229156138, 1.000507217,
2755.249588088, 1.000507371,
2755.270019938, 1.000452346,
2755.290451687, 1.000458685,
2755.310883636, 1.000436095,
2755.331315485, 1.000545354,
2755.351747234, 1.000482815,
2755.372179182, 1.000457154,
2755.392611030, 1.000527646,
2755.413042878, 1.000466361,
2755.433474725, 1.000504022,
2755.453906573, 1.000447509,
2755.474338420, 1.000502156,
2755.494770266, 1.000543162,
2755.515202113, 1.000466408,
2755.556065805, 1.000479809,
2755.576497650, 1.000496731,
2755.596929495, 1.000493036,
2755.617361441, 1.000500432,
2755.637793185, 1.000461144,
2755.658225130, 1.000418639,
2755.678656974, 1.000398529,
2755.699088718, 1.000407210,
2755.719520661, 1.000374366,
2755.739952505, 1.000369700,
2755.760384248, 1.000333735,
2755.801248033, 1.000398611,
2755.821679776, 1.000416631,
2755.842111718, 1.000467775,
2755.862543559, 1.000285659,
2755.882975401, 1.000331212,
2755.903407242, 1.000317615,
2755.923839083, 1.000352219,
2755.944270923, 1.000316778,
2755.964702764, 1.000409100,
2755.985134604, 1.000382584,
2756.005566444, 1.000408775,
2756.025998283, 1.000556495,
2756.046430123, 1.000437676,
2756.066862062, 1.000434476,
2756.087293800, 1.000388128,
2756.107725639, 1.000402745,
2756.128157577, 1.000393383,
2756.148589315, 1.000409950,
2756.169021153, 1.000338545,
2756.189453090, 1.000399216,
2756.209884827, 1.000433305,
2756.230316664, 1.000376122,
2756.250748600, 1.000363957,
2756.271180337, 1.000382507,
2756.291612173, 1.000355254,
2756.312044108, 1.000395344,
2756.332475844, 1.000361990,
2756.352907679, 1.000400690,
2756.373339614, 1.000444360,
2756.393771349, 1.000406506,
2756.414203183, 1.000383555,
2756.434635117, 1.000369571,
2756.455066951, 1.000411425,
2756.475498685, 1.000411844,
2756.495930618, 1.000404669,
2756.536794384, 1.000415825,
2756.557226117, 1.000437266,
2756.577657949, 1.000446475,
2756.598089881, 1.000462561,
2756.618521613, 1.000443747,
2756.638953444, 1.000423718,
2756.659385375, 1.000418408,
2756.679817106, 1.000478844,
2756.700248937, 1.000529345,
2756.720680768, 1.000439122,
2756.741112598, 1.000394933,
2756.781976257, 1.000582721,
2770.798153606, 0.999623832,
2770.818585300, 0.999666283,
2770.839017094, 0.999601955,
2770.859448688, 0.999611406,
2770.879880382, 0.999599124,
2770.900312076, 0.999623897,
2770.920743770, 0.999610536,
2770.941175564, 0.999570681,
2770.961607157, 0.999512361,
2770.982038851, 0.999525659,
2771.002470644, 0.999443620,
2771.022902237, 0.999398420,
2771.043333930, 0.999384613,
2771.063765723, 0.999378994,
2771.084197316, 0.999346920,
2771.104629008, 0.999348668,
2771.125060801, 0.999327881,
2771.145492393, 0.999334208,
2771.165924185, 0.999264146,
2771.186355877, 0.999271759,
2771.206787569, 0.999256328,
2771.227219261, 0.999271137,
2771.247650953, 0.999253590,
2771.268082645, 0.999226208,
2771.288514336, 0.999196435,
2771.308946028, 0.999204087,
2771.329377719, 0.999216298,
2771.349809510, 0.999210351,
2771.370241101, 0.999280041,
2771.390672792, 0.999203935,
2771.411104583, 0.999211717,
2771.431536173, 0.999169662,
2771.451967964, 0.999231450,
2771.472399654, 0.999269240,
2771.492831244, 0.999349160,
2771.513263035, 0.999300425,
2771.533694725, 0.999294688,
2771.554126315, 0.999326098,
2771.574558104, 0.999315128,
2771.594989794, 0.999333390,
2771.615421384, 0.999341227,
2771.635853173, 0.999210217,
2771.656284763, 0.999222062,
2771.676716452, 0.999211500,
2771.697148241, 0.999202535,
2771.738011619, 0.999291254,
2771.758443307, 0.999334596,
2771.778874996, 0.999356002,
2771.799306684, 0.999307836,
2771.819738373, 0.999285495,
2771.840170061, 0.999243713,
2771.860601849, 0.999253493,
2771.881033437, 0.999317556,
2771.901465125, 0.999344507,
2771.921896913, 0.999398091,
2771.942328500, 0.999447120,
2771.962760288, 0.999480332,
2771.983191976, 0.999504904,
2772.003623563, 0.999456898,
2772.024055350, 0.999495248,
2772.044487037, 0.999426374,
2772.064918624, 0.999427217,
2772.085350411, 0.999381476,
2772.105782098, 0.999399416,
2772.126213684, 0.999468668,
2772.146645471, 0.999450631,
2772.167077157, 0.999552255,
2772.187508844, 0.999477377,
2772.207940530, 0.999460900,
2772.228372216, 0.999512854,
2772.248804002, 0.999446547,
2772.269235588, 0.999504307,
2772.289667273, 0.999503049,
2772.310098959, 0.999632441,
2772.330530644, 0.999564744,
2772.350962330, 0.999499469,
2772.371394115, 0.999503141,
2772.391825700, 0.999577617,
2772.412257385, 0.999583543,
2772.432689170, 0.999576539,
2772.453120755, 0.999591849,
2772.473552440, 0.999612373,
2772.493984224, 0.999669101,
2772.514415809, 0.999656887,
2772.534847593, 0.999777682,
2772.555279277, 0.999749392,
2772.575710862, 0.999726148,
2772.596142646, 0.999513957,
2772.616574330, 0.999467418,
2772.637005913, 0.999475730,
2772.657437697, 0.999444790,
2772.677869381, 0.999437817,
2772.718732748, 0.999579059,
2772.739164431, 0.999822730,
2772.759596114, 0.999781981,
2772.780027797, 0.999745151,
2772.800459480, 0.999740441,
2772.820891263, 0.999722455,
2772.841322946, 0.999672061,
2772.861754528, 0.999741054,
2772.882186311, 0.999708128,
2772.902617993, 0.999727420,
2772.923049576, 0.999769286,
2772.943481358, 0.999787101,
2772.963913040, 0.999754807,
2772.984344622, 0.999738167,
2773.004776404, 0.999741187,
2773.025208086, 0.999739980,
2773.045639667, 0.999746103,
2773.066071449, 0.999760211,
2773.086503130, 0.999777587,
2773.106934712, 0.999761447,
2773.127366493, 0.999772510,
2773.147798074, 0.999755262,
2773.168229855, 0.999802313,
2773.188661536, 0.999777880,
2773.209093217, 0.999766285,
2773.229524898, 0.999744366,
2773.249956578, 0.999722412,
2773.270388259, 0.999711369,
2773.290819939, 0.999926003,
2773.311251620, 0.999730258,
2773.331683300, 0.999741079,
2773.352114980, 0.999753023,
2773.372546660, 0.999787678,
2773.392978340, 0.999806595,
2773.413410120, 0.999736732,
2773.433841699, 0.999748361,
2773.454273479, 0.999769845,
2773.474705158, 0.999827157,
2773.495136738, 0.999777037,
2773.515568517, 0.999817640,
2773.536000196, 0.999822346,
2773.556431775, 0.999835463,
2773.576863554, 0.999844992,
2773.597295233, 0.999832875,
2773.617726812, 0.999867397,
2773.638158591, 0.999815233,
2773.658590269, 0.999774248,
2773.679021948, 0.999823318,
2773.699453626, 0.999815329,
2773.719885305, 0.999802368,
2773.740316983, 0.999801249,
2773.760748661, 0.999767242,
2773.781180339, 0.999825351,
2773.801612017, 0.999852927,
2773.822043695, 0.999772112,
2773.842475372, 0.999818000,
2773.862907150, 0.999726520,
2773.883338728, 0.999757339,
2773.903770405, 0.999778522,
2773.924202182, 0.999842411,
2773.944633760, 0.999719397,
2773.965065437, 0.999703545,
2773.985497214, 0.999673249,
2774.005928791, 0.999713142,
2774.026360568, 0.999762461,
2774.046792244, 0.999647676,
2774.067223821, 0.999665495,
2774.087655598, 0.999606485,
2774.108087274, 0.999733214,
2774.128518850, 0.999700747,
2774.148950627, 0.999766733,
2774.189813879, 0.999705431,
2774.210245655, 0.999689169,
2774.230677331, 0.999774190,
2774.251109007, 0.999737739,
2774.271540682, 0.999696377,
2774.291972358, 0.999673210,
2774.312404133, 0.999695553,
2774.332835809, 0.999699108,
2774.353267384, 0.999699629,
2774.373699160, 0.999753468,
2774.394130835, 0.999759161,
2774.414562410, 0.999757759,
2774.434994185, 0.999710700,
2774.455425860, 0.999735741,
2774.475857435, 0.999695166,
2774.496289209, 0.999703057,
2774.516720784, 0.999666428,
2774.537152458, 0.999697192,
2774.557584233, 0.999673742,
2774.578015807, 0.999651008,
2774.598447581, 0.999636799,
2774.618879255, 0.999639296,
2774.639310830, 0.999669756,
2774.700605951, 0.999716877,
2774.721037625, 0.999692182,
2774.741469299, 0.999605269,
2774.761900972, 0.999538930,
2774.782332646, 0.999577701,
2774.802764319, 0.999663486,
2774.823195992, 0.999668288,
2774.843627765, 0.999594580,
2774.864059339, 0.999610011,
2774.884491112, 0.999620545,
2774.904922785, 0.999633221,
2774.925354357, 0.999641861,
2774.945786130, 0.999607616,
2774.966217803, 0.999593159,
2774.986649375, 0.999595034,
2775.007081148, 0.999582592,
2775.027512820, 0.999611087,
2775.047944393, 0.999651192,
2775.068376165, 0.999675159,
2775.088807837, 0.999628605,
2775.109239409, 0.999657799,
2775.129671181, 0.999614940,
2775.150102853, 0.999558957,
2775.170534625, 0.999580273,
2775.190966197, 0.999570725,
2775.211397868, 0.999496047,
2775.231829540, 0.999468252,
2775.252261211, 0.999541263,
2775.272692883, 0.999503840,
2775.293124554, 0.999544518,
2775.313556225, 0.999553753,
2775.333987896, 0.999599015,
2775.354419567, 0.999632995,
2775.374851238, 0.999578703,
2775.415714680, 0.999958144,
2775.436146251, 0.999574236,
2775.456577921, 0.999683488,
2775.477009692, 0.999494237,
2775.497441263, 0.999581186,
2775.517873033, 0.999597788,
2775.538304703, 0.999657272,
2775.558736274, 0.999666056,
2775.579168044, 0.999691804,
2775.599599714, 0.999575192,
2775.620031284, 0.999676066,
2775.660894724, 0.999578975,
2775.681326394, 0.999541290,
2775.701758063, 0.999538564,
2775.722189733, 0.999564564,
2775.742621402, 0.999620612,
2775.763053072, 0.999543104,
2775.783484741, 0.999529744,
2775.803916511, 0.999585240,
2775.824348080, 0.999591753,
2775.844779749, 0.999600105,
2775.865211518, 0.999613628,
2775.885643187, 0.999639062,
2775.906074756, 0.999612726,
2775.926506525, 0.999610402,
2775.946938094, 0.999544221,
2775.967369762, 0.999609245,
2775.987801531, 0.999543475,
2776.008233099, 0.999573331,
2776.028664768, 0.999589149,
2776.049096536, 0.999613681,
2776.069528105, 0.999597374,
2776.089959873, 0.999555207,
2776.110391541, 0.999562678,
2776.130823109, 0.999608285,
2776.151254877, 0.999642248,
2776.171686545, 0.999586103,
2776.192118113, 0.999626826,
2776.212549881, 0.999684710,
2776.232981549, 0.999700738,
2776.253413216, 0.999680049,
2776.273844884, 0.999670423,
2776.294276551, 0.999675670,
2776.314708219, 0.999653601,
2776.335139886, 0.999648778,
2776.355571553, 0.999620980,
2776.376003321, 0.999657928,
2776.396434988, 0.999603369,
2776.416866555, 0.999674276,
2776.437298322, 0.999640790,
2776.457729989, 0.999637473,
2776.478161556, 0.999683794,
2776.498593322, 0.999688410,
2776.519024989, 0.999673125,
2776.539456556, 0.999707921,
2776.559888322, 0.999672527,
2776.580319989, 0.999671659,
2776.600751555, 0.999674865,
2776.662046654, 0.999695252,
2776.682478320, 0.999715800,
2776.702909986, 0.999697933,
2776.723341652, 0.999775924,
2776.743773318, 0.999777624,
2776.764204984, 0.999784720,
2776.784636650, 0.999726313,
2776.805068316, 0.999773318,
2776.825499982, 0.999788055,
2776.845931647, 0.999771646,
2776.866363313, 0.999754481,
2776.886794978, 0.999745793,
2776.907226744, 0.999717167,
2776.927658309, 0.999719126,
2776.948090074, 0.999731832,
2776.968521739, 0.999670121,
2776.988953305, 0.999802906,
2777.009385070, 0.999751412,
2777.029816735, 0.999752478,
2777.050248300, 0.999754599,
2777.070680065, 0.999772771,
2777.091111729, 0.999743889,
2777.111543294, 0.999780598,
2777.131975059, 0.999808967,
2777.152406724, 0.999820000,
2777.172838288, 0.999803314,
2777.193270053, 0.999796407,
2777.213701717, 0.999727588,
2777.234133481, 0.999769026,
2777.254565046, 0.999770310,
2777.274996710, 0.999854266,
2777.295428474, 0.999803117,
2777.315860038, 0.999770349,
2777.336291702, 0.999799086,
2777.356723366, 0.999737849,
2777.377155130, 0.999793795,
2777.397586694, 0.999781170,
2777.418018458, 0.999713407,
2777.438450022, 0.999782739,
2777.458881685, 0.999832117,
2777.479313449, 0.999881695,
2777.499745013, 0.999789556,
2777.520176776, 0.999901376,
2777.540608440, 0.999811809,
2777.561040003, 0.999826120,
2777.581471766, 0.999856884,
2777.601903430, 0.999973103,
2777.622334993, 0.999839401,
2777.642766756, 0.999869981,
2777.663198419, 0.999838843,
2777.683629982, 0.999851080,
2777.704061745, 0.999914818,
2777.724493408, 0.999830599,
2777.744925171, 0.999868279,
2777.765356734, 0.999859538,
2777.785788396, 0.999794242,
2777.806220159, 0.999901243,
2777.826651722, 0.999883799,
2777.847083384, 0.999835030,
2777.867515147, 0.999813614,
2777.887946809, 0.999794386,
2777.908378372, 0.999916827,
2777.928810134, 0.999858843,
2777.949241796, 0.999877376,
2777.969673359, 0.999850007,
2777.990105121, 0.999808351,
2778.010536783, 0.999848672,
2778.030968545, 0.999746795,
2778.051400107, 0.999040224,
2778.071831769, 0.998807971,
2778.092263431, 0.998788252,
2778.112695093, 0.998771794,
2778.133126754, 0.998721993,
2778.153558416, 0.998805722,
2778.173990078, 0.998847286,
2778.194421640, 0.998884509,
2778.214853401, 0.999034308,
2778.235285063, 0.999990732,
2778.255716724, 0.999821995,
2778.276148386, 1.001300008,
2778.296580047, 0.999769001,
2778.317011808, 0.999764975,
2778.337443370, 0.999834847,
2778.357875031, 0.999765907,
2778.378306792, 0.999834382,
2778.398738453, 0.999861090,
2778.419170014, 0.999794516,
2778.439601775, 0.999832993,
2778.460033436, 0.999844852,
2778.480464997, 0.999830091,
2778.500896758, 0.999880801,
2778.521328419, 0.999859210,
2778.541759979, 0.999815713,
2778.562191740, 0.999798384,
2778.603055161, 0.999831781,
2778.623486722, 0.999731837,
2778.643918382, 0.999787616,
2778.664350143, 0.999803074,
2778.684781703, 0.999790942,
2778.705213364, 0.999746237,
2778.725645124, 0.999710106,
2778.746076684, 0.999760151,
2778.766508344, 0.999780234,
2778.786940105, 0.999740174,
2778.807371665, 0.999805134,
2778.827803325, 0.999889404,
2778.848234985, 0.999825358,
2778.868666645, 0.999841534,
2778.889098405, 0.999838326,
2778.909529965, 0.999834067,
2778.929961625, 0.999784086,
2778.950393384, 0.999876943,
2778.970825044, 0.999794584,
2778.991256604, 0.999812219,
2779.011688363, 0.999847139,
2779.032120023, 0.999804469,
2779.052551583, 0.999836728,
2779.072983342, 0.999805613,
2779.093415002, 0.999756188,
2779.113846761, 0.999739177,
2779.134278320, 0.999759885,
2779.154709980, 0.999729505,
2779.175141739, 0.999761102,
2779.195573298, 0.999771431,
2779.216004958, 0.999767646,
2779.236436717, 0.999759392,
2779.256868276, 0.999823757,
2779.277299935, 0.999791259,
2779.297731694, 0.999765956,
2779.318163253, 0.999740507,
2779.338594912, 0.999737003,
2779.359026671, 0.999813488,
2779.379458330, 0.999667591,
2779.399889989, 0.999701262,
2779.420321647, 0.999686311,
2779.440753306, 0.999677463,
2779.461184965, 0.999741106,
2779.481616624, 0.999685605,
2779.502048282, 0.999682433,
2779.522479941, 0.999744873,
2779.542911599, 0.999696524,
2779.563343258, 0.999749565,
2779.583774916, 0.999711502,
2779.604206575, 0.999710788,
2779.624638133, 0.999686503,
2779.645069891, 0.999686677,
2779.665501550, 0.999758781,
2779.685933308, 0.999734558,
2779.706364866, 0.999713672,
2779.726796524, 0.999713974,
2779.747228283, 0.999730898,
2779.767659841, 0.999729675,
2779.788091499, 0.999692259,
2779.808523257, 0.999739735,
2779.828954815, 0.999710615,
2779.849386473, 0.999709360,
2779.869818231, 0.999741310,
2779.890249789, 0.999689232,
2779.910681547, 0.999712858,
2779.931113204, 0.999653220,
2779.951544862, 0.999651658,
2779.971976520, 0.999729676,
2779.992408178, 0.999703906,
2780.012839835, 0.999648160,
2780.033271593, 0.999664745,
2780.053703151, 0.999675357,
2780.074134808, 0.999681686,
2780.094566566, 0.999674743,
2780.114998123, 0.999762039,
2780.135429781, 0.999703912,
2780.155861538, 0.999671100,
2780.176293096, 0.999674356,
2780.196724853, 0.999686311,
2780.217156510, 0.999698164,
2780.237588068, 0.999689712,
2780.258019825, 0.999691054,
2780.278451482, 0.999798080,
2780.319314797, 0.999689685,
2780.339746354, 0.999703044,
2780.360178011, 0.999702425,
2780.380609768, 0.999631198,
2780.401041325, 0.999586410,
2780.421472982, 0.999669231,
2780.441904739, 0.999639327,
2780.462336396, 0.999566704,
2780.482768053, 0.999557743,
2780.503199710, 0.999611488,
2780.523631367, 0.999623286,
2780.584926337, 0.999775172,
2780.605358094, 0.999840511,
2780.625789651, 0.999828716,
2780.646221308, 0.999868136,
2780.666653064, 0.999827050,
2780.687084621, 0.999820280,
2780.707516378, 0.999813300,
2780.727948034, 0.999769768,
2780.748379591, 0.999714943,
2780.768811347, 0.999653491,
2780.789243004, 0.999636061,
2780.809674560, 0.999687159,
2780.830106317, 0.999715707,
2780.850537973, 0.999708815,
2780.870969630, 0.999622755,
2780.891401286, 0.999701587,
2780.911832942, 0.999714017,
2780.932264599, 0.999704080,
2780.952696255, 0.999674963,
2780.973127911, 0.999694093,
2780.993559567, 0.999741101,
2781.013991224, 0.999775367,
2781.034422880, 0.999760799,
2781.054854536, 0.999777798,
2781.075286192, 0.999760477,
2781.095717848, 0.999789510,
2781.116149604, 0.999796286,
2781.136581161, 0.999809294,
2781.157012817, 0.999754407,
2781.177444573, 0.999767615,
2781.197876129, 0.999721835,
2781.218307885, 0.999765202,
2781.238739541, 0.999741453,
2781.259171097, 0.999759521,
2781.279602852, 0.999778454,
2781.300034508, 0.999757321,
2781.320466064, 0.999800227,
2781.340897820, 0.999793667,
2781.361329476, 0.999825905,
2781.381761032, 0.999765354,
2781.402192787, 0.999837315,
2781.422624443, 0.999844416,
2781.443056099, 0.999845770,
2781.463487755, 0.999823415,
2781.483919410, 0.999875504,
2781.504351166, 0.999860156,
2781.545214377, 0.999906711,
2781.565646133, 0.999924464,
2781.586077789, 0.999849579,
2781.606509344, 0.999874405,
2781.626941100, 0.999869490,
2781.647372755, 0.999874099,
2781.667804311, 0.999834763,
2781.688236066, 0.999806612,
2781.708667622, 0.999883462,
2781.729099377, 0.999858033,
2781.749531033, 0.999857758,
2781.769962588, 0.999992568,
2781.790394344, 1.000089098,
2781.810825999, 0.999947521,
2781.831257555, 0.999868583,
2781.851689310, 0.999881339,
2781.872120965, 0.999865320,
2781.892552521, 0.999851549,
2781.912984276, 0.999814593,
2781.933415931, 0.999861304,
2781.953847587, 0.999891606,
2781.974279242, 0.999773186,
2781.994710897, 0.999816405,
2782.015142652, 0.999897812,
2782.035574208, 0.999860299,
2782.056005863, 0.999848734,
2782.076437618, 0.999800121,
2782.096869273, 0.999898802,
2782.117300828, 0.999843310,
2782.137732584, 0.999676875,
2782.158164239, 0.999661103,
2782.178595794, 0.999731784,
2782.199027549, 0.999916852,
2782.219459204, 0.999698991,
2782.239890959, 0.999629585,
2782.280754169, 0.999709369,
2782.301185924, 0.999908020,
2782.321617480, 0.999901631,
2782.342049135, 0.999907902,
2782.362480890, 0.999804406,
2782.382912445, 0.999878841,
2782.403344100, 0.999773815,
2782.423775755, 0.999900383,
2782.444207410, 0.999952316,
2782.464639165, 0.999987303,
2782.485070720, 0.999929429,
2782.525934130, 0.999882768,
2782.546365684, 0.999873657,
2782.566797339, 0.999798918,
2782.587229094, 0.999744002,
2782.607660649, 0.999807394,
2782.628092304, 0.999766400,
2782.648524059, 0.999819822,
2782.668955714, 0.999883938,
2782.689387269, 0.999932362,
2782.709819024, 0.999850062,
2782.730250679, 1.000081948,
2782.771113988, 0.999951120,
2782.791545643, 0.999966400,
2782.811977398, 0.999938229,
2782.832408953, 0.999917245,
2782.852840608, 0.999974751,
2782.873272362, 0.999924266,
2782.893703917, 0.999887349,
2782.914135572, 0.999942615,
2782.934567327, 0.999915544,
2782.954998882, 0.999963890,
2782.975430636, 0.999896400,
2782.995862291, 0.999930405,
2783.016293846, 0.999927173,
2783.036725601, 0.999877587,
2783.057157256, 0.999893431,
2783.077588910, 0.999875675,
2783.098020565, 0.999955311,
2783.118452220, 1.000000945,
2783.138883875, 1.000067062,
2783.159315529, 0.999987341,
2783.179747184, 0.999934783,
2783.200178739, 0.999883233,
2783.220610494, 0.999976871,
2783.241042148, 1.000040391,
2783.261473903, 1.000037555,
2783.281905458, 1.000088757,
2783.302337113, 1.000005910,
2783.322768867, 0.999907328,
2783.343200422, 0.999936079,
2783.363632077, 0.999924095,
2783.384063832, 0.999982297,
2783.404495386, 0.999946389,
2783.424927041, 0.999894208,
2783.445358796, 0.999925656,
2783.465790350, 1.000119963,
2783.506653760, 0.999884730,
2783.527085315, 0.999881531,
2783.547517069, 0.999966332,
2783.567948724, 0.999985854,
2783.588380379, 0.999933637,
2783.608812034, 0.999931324,
2783.629243688, 0.999883561,
2783.649675343, 0.999871774,
2783.670106998, 0.999926337,
2783.690538653, 0.999868841,
2783.710970407, 0.999951754,
2783.731402062, 0.999826223,
2783.751833617, 0.999952897,
2783.772265372, 0.999937510,
2783.792696926, 0.999870457,
2783.813128581, 0.999938304,
2783.833560336, 0.999915438,
2783.853991891, 0.999887731,
2783.874423545, 0.999859139,
2783.894855300, 1.000051415,
2783.915286855, 1.000100417,
2783.935718610, 1.000067616,
2783.956150265, 0.999939338,
2783.997013574, 0.999998603,
2784.017445229, 0.999953219,
2784.037876784, 1.000005528,
2784.058308539, 1.000111519,
2784.078740193, 0.999950158,
2784.099171848, 0.999977709,
2784.119603503, 0.999846076,
2784.140035158, 0.999977264,
2784.160466913, 0.999924657,
2784.180898468, 0.999952595,
2784.201330122, 1.000120031,
2784.221761877, 1.000014930,
2784.242193432, 0.999989606,
2784.262625087, 1.000057845,
2784.283056842, 1.000179496,
2784.303488497, 1.000183951,
2784.323920052, 1.000047714,
2784.344351807, 0.999982519,
2784.364783462, 1.000033089,
2784.385215117, 0.999909947,
2784.405646772, 0.999983070,
2784.426078427, 0.999954010,
2784.446510082, 1.000012266,
2784.487373392, 1.000043774,
2784.507805147, 0.999988971,
2784.528236702, 0.999933331,
2784.548668357, 0.999985565,
2784.569100012, 0.999976593,
2784.589531667, 0.999958323,
2784.609963222, 1.000025090,
2784.630394977, 1.000073415,
2784.650826632, 1.000032062,
2784.671258387, 1.000006454,
2784.691689942, 0.999956568,
2784.732553352, 1.000085130,
2784.752984908, 1.000042150,
2784.773416563, 0.999947537,
2784.793848318, 0.999828825,
2784.814279973, 0.999830883,
2784.834711528, 0.999957882,
2784.855143283, 1.000091727,
2784.875574939, 0.999999122,
2784.896006594, 0.999938032,
2784.916438249, 0.999939724,
2784.936869904, 1.000008962,
2784.957301660, 1.000097449,
2784.977733215, 0.999896139,
2784.998164870, 0.999900271,
2785.018596626, 0.999860119,
2785.039028181, 0.999923285,
2785.059459836, 0.999830792,
2785.079891592, 0.999924342,
2785.100323147, 1.000015730,
2785.120754903, 0.999968936,
2785.141186558, 0.999939781,
2785.161618114, 1.000051954,
2785.182049869, 1.000019139,
2785.222913080, 1.000127139,
2785.243344835, 1.000000851,
2785.263776491, 0.999951123,
2785.284208047, 0.999954404,
2785.304639802, 0.999992886,
2785.325071458, 0.999907136,
2785.345503113, 0.999871879,
2785.365934769, 0.999919646,
2785.386366425, 0.999863518,
2785.406798080, 0.999867454,
2785.427229736, 0.999892199,
2785.468093147, 1.000072165,
2785.488524703, 1.000034824,
2785.508956359, 0.999908892,
2785.529388115, 0.999939923,
2785.549819671, 0.999936297,
2785.570251426, 0.999895531,
2785.590683082, 0.999876358,
2785.611114638, 0.999983216,
2785.631546394, 0.999993013,
2785.651978050, 0.999894945,
2785.672409606, 0.999939322,
2785.713273018, 0.999829061,
2785.733704574, 0.999890475,
2785.754136330, 0.999882853,
2785.774567986, 0.999801893,
2785.794999742, 0.999921487,
2785.815431298, 0.999879374,
2785.835862954, 0.999888421,
2785.856294711, 0.999923468,
2785.876726267, 0.999936754,
2785.897157923, 0.999841806,
2785.917589679, 0.999978446,
2785.958452892, 1.000088260,
2785.978884648, 0.999936744,
2785.999316204, 0.999912947,
2786.019747961, 0.999911051,
2786.040179617, 0.999853748,
2786.060611174, 0.999930266,
2786.081042930, 0.999859269,
2786.101474586, 0.999901807,
2786.121906143, 0.999813367,
2786.142337899, 0.999902747,
2786.162769556, 0.999879516,
2786.203632869, 0.999964750,
2786.224064526, 0.999942377,
2786.244496282, 0.999983879,
2786.264927839, 0.999945328,
2786.285359496, 0.999880344,
2786.305791253, 0.999829299,
2786.326222809, 0.999792742,
2786.346654466, 0.999863847,
2786.367086223, 0.999822884,
2786.387517780, 1.000003266,
2786.407949437, 1.000049144,
2786.469244508, 1.000055239,
2786.489676165, 0.999970026,
2786.510107822, 0.999960810,
2786.530539479, 0.999857999,
2786.550971136, 0.999934244,
2786.571402793, 0.999875015,
2786.591834550, 1.000031271,
2786.612266107, 0.999974599,
2786.632697765, 0.999971207,
2786.653129422, 1.000122074,
2786.673561079, 0.999928935,
2786.693992836, 0.999952026,
2786.714424394, 0.999909065,
2786.734856051, 0.999843530,
2786.755287809, 0.999914807,
2786.775719366, 0.999906338,
2786.796151024, 0.999883875,
2786.816582781, 0.999898061,
2786.837014339, 0.999942614,
2786.857445996, 0.999825106,
2786.877877754, 0.999859990,
2786.898309312, 0.999972575,
2786.939172727, 0.999970238,
2786.959604385, 0.999964321,
2786.980036043, 0.999922362,
2787.000467701, 0.999983109,
2787.020899358, 0.999941134,
2787.041331016, 0.999935511,
2787.061762674, 1.000001208,
2787.082194332, 0.999932769,
2787.102625990, 0.999914807,
2787.123057648, 0.999958360,
2787.143489407, 0.999968879,
2787.184352623, 1.000015037,
2787.204784381, 1.000001596,
2787.225216039, 1.000050132,
2787.245647598, 1.000019532,
2787.266079356, 0.999944522,
2787.286511014, 1.000008738,
2787.306942573, 0.999939191,
2787.327374331, 0.999952811,
2787.347805990, 0.999925724,
2787.368237648, 0.999908599,
2787.388669307, 0.999861458,
2787.429532624, 0.999981916,
2787.449964283, 0.999888011,
2787.470395841, 0.999891712,
2787.490827600, 0.999977577,
2787.511259259, 0.999853504,
2787.531690918, 0.999915059,
2787.552122577, 0.999906860,
2787.572554236, 0.999918668,
2787.592985995, 0.999940729,
2787.613417654, 0.999944570,
2787.633849213, 1.000002823,
2787.674712631, 1.000061983,
2787.695144190, 1.000015203,
2787.715575949, 0.999943836,
2787.736007609, 0.999908904,
2787.756439168, 1.000005203,
2787.776870927, 1.000047737,
2787.797302587, 0.999923314,
2787.817734346, 0.999875591,
2787.838165906, 1.000012210,
2787.858597565, 0.999954803,
2787.879029325, 0.999955143,
2787.919892544, 0.999974263,
2787.940324304, 1.000080291,
2787.960755864, 1.000041241,
2787.981187624, 0.999993183,
2788.001619283, 0.999933331,
2788.022050843, 1.000118245,
2788.042482603, 1.000067724,
2788.062914163, 1.000030220,
2788.083345823, 1.000019554,
2788.103777583, 1.000047580,
2788.124209144, 0.999972284,
2788.165072564, 1.000086197,
2788.185504224, 1.000018370,
2788.205935885, 1.000001685,
2788.226367545, 1.000010126,
2788.246799205, 1.000022188,
2788.267230866, 1.000036102,
2788.287662526, 1.000055600,
2788.308094187, 1.000017192,
2788.328525948, 0.999983278,
2788.348957508, 1.000042368,
2788.369389169, 0.999969434,
2788.430684252, 0.999998626,
2788.451115912, 0.999936087,
2788.471547473, 0.999922778,
2788.491979234, 0.999857323,
2788.512410896, 0.999962447,
2788.532842457, 0.999936573,
2788.553274218, 1.000104871,
2788.573705879, 0.999891066,
2788.594137540, 0.999882713,
2788.614569202, 0.999837001,
2788.635000863, 0.999796454,
2788.655432625, 0.999751794,
2788.675864186, 0.999887301,
2788.696295848, 0.999838556,
2788.716727509, 0.999824474,
2788.737159171, 0.999745244,
2788.757590833, 0.999688905,
2788.778022494, 0.999775468,
2788.798454156, 0.999811437,
2788.818885818, 0.999822591,
2788.839317580, 0.999903784,
2788.859749142, 0.999927209,
2788.900612566, 0.999779652,
2788.921044128, 0.999816865,
2788.941475890, 0.999836220,
2788.961907553, 0.999807589,
2788.982339115, 0.999867786,
2789.002770877, 0.999932170,
2789.023202540, 0.999832674,
2789.043634102, 0.999759021,
2789.064065865, 0.999719289,
2789.084497527, 0.999760609,
2789.104929290, 0.999757056,
2789.145792516, 0.999758212,
2789.166224278, 0.999774068,
2789.186655841, 0.999824272,
2789.207087504, 0.999759004,
2789.227519267, 0.999799680,
2789.247950830, 0.999760961,
2789.268382593, 0.999819559,
2789.288814257, 0.999810538,
2789.309245920, 0.999813020,
2789.329677583, 0.999776363,
2789.350109247, 0.999635462,
2789.370540910, 0.999753396,
2789.390972573, 0.999793402,
2789.411404237, 0.999787264,
2789.431835801, 0.999802925,
2789.452267564, 0.999889551,
2789.472699228, 0.999777138,
2789.493130992, 0.999867292,
2789.513562556, 0.999827184,
2789.533994220, 0.999745472,
2789.554425984, 0.999842989,
2789.574857548, 0.999775819,
2789.595289212, 0.999772090,
2789.636152540, 0.999747635,
2789.656584204, 0.999715619,
2789.677015969, 0.999716274,
2789.697447533, 0.999758408,
2789.717879298, 0.999797765,
2789.738310962, 0.999867963,
2789.758742527, 0.999798716,
2789.779174291, 0.999780746,
2789.799605956, 0.999930632,
2789.820037621, 0.999838227,
2789.840469286, 1.000073374,
2789.881332616, 0.999645898,
2789.901764281, 0.999706657,
2789.922195946, 0.999792899,
2789.942627711, 0.999742513,
2789.963059376, 0.999663903,
2789.983490942, 0.999795962,
2790.003922707, 0.999964822,
2790.024354372, 0.999924654,
2790.044785938, 0.999707615,
2790.065217704, 0.999614956,
2790.085649369, 0.999849921,
2790.126512701, 0.999759445,
2790.146944367, 0.999761683,
2790.167376032, 0.999752450,
2790.187807698, 0.999703610,
2790.208239264, 0.999768457,
2790.228671031, 0.999738371,
2790.249102697, 0.999813032,
2790.269534263, 0.999886971,
2790.289966029, 0.999828663,
2790.310397696, 0.999846340,
2790.330829462, 0.999733002,
2790.371692695, 0.999809186,
2790.392124462, 0.999744020,
2790.412556029, 0.999768404,
2790.432987696, 0.999909968,
2790.453419463, 1.000002883,
2790.473851130, 1.000011802,
2790.494282697, 0.999829105,
2790.514714464, 0.999758897,
2790.535146131, 0.999667257,
2790.555577798, 0.999709867,
2790.576009466, 0.999689613,
2790.616872900, 0.999766883,
2790.637304468, 0.999745477,
2790.657736136, 0.999748371,
2790.678167903, 0.999802191,
2790.698599471, 0.999952867,
2790.719031239, 0.999853784,
2790.739462907, 0.999765245,
2790.759894475, 0.999717946,
2790.780326243, 0.999643177,
2790.800757911, 0.999670297,
2790.821189479, 0.999725257,
2790.862052816, 0.999870739,
2790.882484484, 0.999748229,
2790.902916253, 0.999692558,
2790.923347821, 0.999791482,
2790.943779590, 0.999736927,
2790.964211259, 0.999763405,
2790.984642828, 0.999810699,
2791.005074596, 0.999798042,
2791.025506265, 0.999871558,
2791.045937934, 0.999888806,
2791.066369604, 1.000038211,
2791.107233042, 0.999755276,
2791.127664611, 0.999767699,
2791.148096281, 0.999852345,
2791.168528050, 0.999736518,
2791.188959720, 0.999764506,
2791.209391290, 0.999748182,
2791.229823059, 0.999658374,
2791.250254729, 0.999782240,
2791.270686299, 0.999857977,
2791.291118069, 0.999722777,
2791.311549739, 0.999740459,
2791.331981509, 0.999751527,
2791.352413080, 0.999734877,
2791.372844750, 0.999797777,
2791.393276520, 0.999763362,
2791.413708091, 0.999775163,
2791.434139761, 0.999835588,
2791.454571432, 0.999776277,
2791.475003103, 0.999849094,
2791.495434773, 0.999840413,
2791.515866544, 0.999762845,
2791.536298115, 0.999824566,
2791.556729886, 0.999749013,
2791.597593129, 0.999775307,
2791.618024900, 0.999837740,
2791.638456471, 0.999814654,
2791.658888143, 0.999788922,
2791.679319914, 0.999718922,
2791.699751586, 0.999555157,
2791.720183258, 0.999501732,
2791.740614929, 0.999602646,
2791.761046601, 0.999531906,
2791.781478273, 0.999515698,
2791.801909945, 0.999526770,
2791.842773390, 0.999803869,
2791.863204962, 0.999785738,
2791.883636634, 0.999802111,
2791.904068407, 0.999882350,
2791.924499979, 0.999847590,
2791.944931752, 0.999885200,
2791.965363425, 0.999825870,
2791.985794997, 0.999852834,
2792.006226770, 0.999868349,
2792.026658443, 0.999902744,
2792.047090016, 0.999885012,
2792.087953463, 0.999804447,
2792.108385236, 0.999888231,
2792.128816810, 0.999954079,
2792.149248483, 0.999917154,
2792.169680257, 0.999980555,
2792.190111830, 0.999928717,
2792.210543504, 0.999904695,
2792.230975178, 1.000006414,
2792.251406852, 0.999991893,
2792.271838526, 1.000033888,
2792.292270200, 1.000036288,
2792.333133649, 0.999982799,
2792.353565323, 0.999910497,
2792.373996898, 0.999998330,
2792.394428672, 1.000040739,
2792.414860347, 1.000084594,
2792.435291922, 1.000113373,
2792.455723696, 0.999964065,
2792.476155371, 0.999904657,
2792.496587146, 0.999961643,
2792.517018722, 0.999965902,
2792.537450397, 1.000025910,
2792.578313748, 0.999979818,
2792.598745423, 1.000067639,
2792.619177199, 1.000033434,
2792.639608774, 1.000062509,
2792.660040450, 1.000081425,
2792.680472226, 1.000017380,
2792.700903802, 1.000133653,
2792.721335578, 0.999849925,
2792.741767254, 0.999822969,
2792.762198830, 1.000002699,
2792.782630607, 1.000165023,
2792.803062283, 1.000030867,
2792.823493960, 1.000028992,
2792.843925636, 0.999992146,
2792.864357313, 1.000092744,
2792.884788990, 1.000004576,
2792.905220667, 0.999939053,
2792.925652344, 0.999984156,
2792.946084021, 0.999968048,
2792.966515698, 0.999984684,
2792.986947376, 0.999915093,
2793.007379053, 0.999995333,
2793.027810730, 1.000028888,
2793.068674186, 0.999957776,
2793.089105764, 0.999990468,
2793.109537541, 1.000024827,
2793.129969219, 1.000049645,
2793.150400797, 0.999990691,
2793.170832576, 0.999957724,
2793.191264254, 1.000028417,
2793.211695832, 1.000013882,
2793.232127611, 0.999910396,
2793.252559289, 0.999984159,
2793.272991068, 1.000113820,
2793.313854326, 0.999989276,
2793.334286105, 0.999974040,
2793.354717684, 1.000006697,
2793.375149363, 0.999918281,
2793.395581142, 0.999914205,
2793.416012722, 0.999914812,
2793.436444401, 1.000010827,
2793.456876181, 1.000097586,
2793.477307860, 1.000027886,
2793.497739540, 1.000025613,
2793.518171220, 0.999960612,
2793.559034580, 1.000060153,
2793.579466260, 0.999924923,
2793.599897941, 1.000040141,
2793.620329621, 0.999885504,
2793.640761302, 0.999843675,
2793.661193082, 1.000083632,
2793.681624663, 1.000002201,
2793.702056344, 1.000147343,
2793.722488125, 1.000157383,
2793.742919706, 1.000022815,
2793.763351387, 1.000078813,
2793.804214749, 1.000022198,
2793.824646431, 1.000222782,
2793.845078212, 0.999984383,
2793.865509794, 0.999899495,
2793.885941576, 0.999981624,
2793.906373258, 0.999963197,
2793.926804840, 1.000127882,
2793.947236622, 1.000090150,
2793.967668304, 1.000049063,
2793.988099986, 1.000066211,
2794.008531669, 1.000015466,
2794.049395134, 1.000018756,
2794.069826717, 1.000118223,
2794.090258399, 1.000091264,
2794.110690182, 1.000077445,
2794.131121865, 1.000073308,
2794.151553449, 1.000043352,
2794.171985232, 1.000086632,
2794.192416915, 1.000066375,
2794.212848599, 1.000383605,
2794.233280282, 1.000049182,
2794.253711966, 1.000065699,
2794.294575334, 0.999910948,
2794.315006918, 0.999905470,
2794.335438702, 1.000006514,
2794.355870386, 0.999995784,
2794.376301970, 1.000024039,
2794.396733755, 1.000130631,
2794.417165440, 1.000105938,
2794.437597224, 1.000130604,
2794.458028809, 1.000137317,
2794.478460494, 0.999883461,
2794.498892279, 1.000060297,
2794.519323864, 1.000052109,
2794.539755549, 1.000118616,
2794.560187335, 1.000238912,
2794.580618920, 1.000145180,
2794.601050706, 1.000172564,
2794.621482392, 1.000073567,
2794.641913977, 1.000130954,
2794.662345763, 1.000042008,
2794.682777449, 0.999980329,
2794.703209135, 1.000097026,
2794.723640822, 1.000076433,
2794.744072508, 1.000148947,
2794.784935881, 0.999997311,
2794.866662629, 1.000044183,
2794.887094416, 1.000038007,
2794.907526103, 1.000194251,
2794.927957691, 1.000134268,
2794.948389478, 1.000066679,
2794.968821066, 1.000079848,
2794.989252854, 0.999974893,
2795.030116130, 1.000059295,
2795.050547918, 1.000084670,
2795.070979606, 1.000109982,
2795.091411195, 0.999894552,
2795.111842983, 1.000098058,
2795.132274672, 1.000024274,
2795.152706260, 1.000053903,
2795.173138049, 1.000094637,
2795.193569738, 1.000031778,
2795.214001527, 0.999992390,
2795.234433116, 1.000038427,
2795.275296595, 1.000104719,
2795.295728185, 1.000025050,
2795.316159874, 0.999904143,
2795.336591664, 1.000067250,
2795.357023354, 1.000011579,
2795.377455044, 1.000092526,
2795.397886734, 1.000008088,
2795.418318425, 1.000015756,
2795.438750115, 1.000101463,
2795.459181806, 1.000013646,
2795.479613496, 1.000055675,
2795.520476878, 1.000049062,
2795.540908569, 1.000132107,
2795.561340360, 1.000051262,
2795.581771951, 1.000024427,
2795.602203743, 1.000094623,
2795.622635434, 1.000067153,
2795.643067026, 1.000177387,
2795.663498818, 1.000034828,
2795.683930409, 1.000033780,
2795.704362101, 1.000073508,
2795.724793894, 1.000141114,
2795.765657278, 0.999906952,
2795.786088971, 1.000103219,
2795.806520563, 1.000085954,
2795.826952356, 0.999950439,
2795.847384049, 1.000089907,
2795.867815742, 1.000102427,
2795.888247435, 1.000006286,
2795.908679128, 1.000033710,
2795.929110922, 1.000006826,
2795.949542515, 1.000117387,
2795.969974209, 1.000062724,
2796.010837696, 1.000056240,
2796.031269291, 0.999995909,
2796.051701085, 1.000026721,
2796.072132779, 1.000039300,
2796.092564373, 0.999990099,
2796.112996168, 1.000017607,
2796.133427863, 1.000008239,
2796.153859657, 1.000028453,
2796.174291252, 1.000064163,
2796.194722947, 1.000012254,
2796.215154742, 1.000136702,
2796.276449829, 0.999953812,
2796.296881424, 1.000028309,
2796.317313220, 0.999975647,
2796.337744816, 1.000009299,
2796.358176512, 1.000010606,
2796.378608308, 1.000064338,
2796.399039905, 1.000014153,
2796.419471601, 1.000040356,
2796.439903398, 0.999978205,
2796.460334995, 1.000010997,
2796.501198489, 1.000035666,
2796.521630186, 0.999948472,
2796.542061883, 1.000072528,
2796.562493580, 1.000073689,
2796.582925278, 1.000076963,
2796.603356976, 1.000098703,
2796.623788673, 0.999992629,
2796.644220371, 1.000011731,
2796.664652069, 1.000067215,
2796.685083768, 1.000063905,
2796.705515566, 1.000115547,
2796.746378863, 0.999934125,
2796.766810662, 1.000136628,
2796.787242361, 1.000043274,
2796.807673960, 1.000127050,
2796.828105759, 1.000008543,
2796.848537458, 1.000061592,
2796.868969057, 1.000113292,
2796.889400857, 1.000110132,
2796.909832557, 1.000092407,
2796.930264356, 1.000054247,
2796.950695956, 1.000096882,
2796.991559357, 1.000080196,
2797.011991057, 1.000149399,
2797.032422758, 1.000072278,
2797.052854458, 1.000023048,
2797.073286159, 1.000127662,
2797.093717960, 1.000082783,
2797.114149561, 1.000125137,
2797.134581262, 1.000078837,
2797.155013064, 1.000134614,
2797.175444765, 1.000149939,
2797.195876367, 1.000082255,
2797.236739870, 1.000086323,
2797.257171572, 1.000044796,
2797.277603275, 1.000130983,
2797.298034977, 1.000110367,
2797.318466779, 1.000168490,
2797.338898382, 1.000117837,
2797.359330085, 1.000124266,
2797.379761888, 1.000073113,
2797.400193491, 1.000073159,
2797.420625194, 1.000153790,
2797.441056997, 1.000035380,
2797.481920404, 1.000063348,
2797.502352108, 1.000015128,
2797.522783712, 1.000118074,
2797.543215516, 1.000063021,
2797.563647220, 1.000075271,
2797.584078824, 1.000090918,
2797.604510629, 1.000076375,
2797.624942333, 1.000091492,
2797.645374138, 1.000001385,
2797.665805743, 0.999899867,
2797.686237448, 1.000210654,
2797.727100858, 1.000103945,
2797.747532564, 0.999962066,
2797.767964269, 1.000066438,
2797.788395975, 1.000092689,
2797.808827681, 1.000079396,
2797.829259387, 1.000078097,
2797.849691093, 1.000037324,
2797.870122900, 1.000019943,
2797.890554606, 1.000024189,
2797.910986213, 1.000043498,
2797.931418020, 1.000112661,
2797.972281333, 1.000217973,
2797.992713141, 1.000058059,
2798.013144848, 1.000021139,
2798.033576656, 1.000038445,
2798.054008263, 1.000090515,
2798.074439971, 1.000067022,
2798.094871779, 1.000059895,
2798.115303387, 0.999960811,
2798.135735095, 1.000021952,
2798.156166904, 1.000127523,
2798.176598512, 1.000110089,
2798.217462030, 1.000037375,
2798.237893639, 1.000097214,
2798.258325448, 1.000074623,
2798.278757157, 1.000164865,
2798.299188767, 1.000072084,
2798.319620576, 1.000123171,
2798.340052286, 1.000064509,
2798.360483996, 1.000071226,
2798.380915706, 1.000116080,
2798.401347416, 1.000021689,
2798.421779126, 1.000061402,
2798.462642547, 1.000046922,
2798.483074258, 1.000097080,
2798.503505969, 1.000074176,
2798.523937680, 1.000139380,
2798.544369492, 1.000110786,
2798.564801103, 1.000032789,
2798.585232915, 1.000068831,
2798.605664626, 1.000068955,
2798.626096238, 1.000112593,
2798.646528050, 1.000069647,
2798.666959762, 1.000099973,
2798.707823187, 1.000089600,
2798.728254900, 1.000132061,
2798.748686513, 1.000049508,
2798.769118325, 1.000079490,
2798.789550039, 1.000076345,
2798.809981852, 1.000032686,
2798.830413465, 1.000074345,
2798.850845179, 1.000118199,
2798.871276993, 1.000108299,
2798.891708606, 1.000107855,
2798.912140320, 1.000076154,
2798.953003749, 1.000105364,
2798.973435564, 1.000077092,
2798.993867278, 1.000042379,
2799.014298993, 1.000050306,
2799.034730708, 1.000040473,
2799.055162423, 1.000132049,
2799.075594038, 1.000181056,
2799.096025854, 0.999808446,
2799.116457569, 0.999193078,
2799.136889285, 0.999125891,
2799.157321001, 0.999079879,
2799.198184534, 0.999057798,
2799.218616150, 0.999070952,
2799.239047866, 0.999111647,
2799.259479683, 0.999170497,
2799.279911300, 0.999643659,
2799.300343017, 1.000015000,
2799.320774834, 1.000072065,
2799.341206452, 1.000120035,
2799.382069987, 1.000199946,
2799.402501605, 1.000139264,
2799.443365141, 1.000147282,
2799.463796759, 1.000163738,
2799.484228578, 1.000120696,
2799.504660296, 1.000043487,
2799.525092115, 1.000137993,
2799.545523734, 1.000088102,
2799.565955453, 1.000064011,
2799.586387273, 1.000068564,
2799.606818892, 1.000014041,
2799.627250612, 1.000111676,
2799.647682432, 1.000106701,
2799.688545872, 1.000170297,
2799.708977592, 1.000113793,
2799.729409312, 1.000164814,
2799.749841033, 1.000115001,
2799.770272754, 1.000135116,
2799.790704475, 1.000083289,
2799.811136196, 1.000098000,
2799.831567917, 1.000010106,
2799.851999539, 1.000025842,
2799.872431360, 1.000105524,
2799.892863082, 1.000070223,
2799.933726526, 1.000099440,
2799.954158248, 1.000129116,
2799.974590071, 1.000108338,
2799.995021693, 1.000072805,
2800.015453416, 1.000071454,
2800.035885239, 1.000075578,
2800.056316862, 1.000076720,
2800.076748686, 1.000156522,
2800.097180409, 0.999898283,
2800.117612033, 1.000135992,
2800.138043856, 1.000211636,
2800.178907305, 1.000108879,
2800.199339029, 1.000052904,
2800.219770753, 1.000134692,
2800.240202578, 1.000161131,
2800.260634203, 1.000180253,
2800.281065928, 1.000150656,
2800.301497753, 1.000139169,
2800.321929378, 1.000209083,
2800.342361104, 1.000163139,
2800.362792929, 1.000178511,
2800.383224655, 1.000122855,
2800.424088107, 1.000196930,
2800.444519734, 1.000175082,
2800.464951560, 1.000177434,
2800.485383287, 1.000197123,
2800.505814914, 1.000165137,
2800.526246741, 1.000165727,
2800.546678468, 1.000207755,
2800.567110095, 1.000251460,
2800.587541923, 1.000200489,
2800.607973651, 1.000155774,
2800.628405479, 1.000139151,
2800.669268835, 1.000137931,
2800.689700663, 1.000226931,
2800.710132292, 1.000147003,
2800.730564021, 1.000113451,
2800.750995850, 1.000148347,
2800.771427479, 1.000171555,
2800.791859208, 1.000151403,
2800.812291038, 1.000140872,
2800.832722767, 1.000139558,
2800.853154497, 1.000139373,
2800.873586227, 1.000162723,
2800.914449687, 1.000100065,
2800.934881418, 1.000223874,
2800.955313149, 1.000086947,
2800.975744980, 1.000127527,
2800.996176611, 1.000115124,
2801.016608442, 1.000091315,
2801.037040173, 1.000122295,
2801.057471805, 1.000041496,
2801.077903637, 1.000097024,
2801.098335269, 1.000063517,
2801.118767001, 1.000073934,
2801.159630465, 1.000100995,
2801.180062298, 1.000279560,
2801.200494031, 1.000077169,
2801.220925664, 1.000137033,
2801.241357497, 0.999911498,
2801.261789231, 0.999851752,
2801.282220864, 0.999733511,
2801.302652698, 0.999651591,
2801.323084432, 0.999768187,
2801.343516066, 0.999664165,
2801.363947900, 0.999698858,
2801.404811469, 1.000110047,
2801.425243104, 1.000159381,
2801.445674839, 1.000032341,
2801.466106674, 1.000094208,
2801.486538310, 1.000000000,
2801.506970045, 1.000108506,
2801.527401881, 1.000052268,
2801.547833617, 1.000018903,
2801.568265353, 1.000058368,
2801.588697089, 1.000101640,
2801.609128826, 1.000040511,
2801.649992299, 1.000069508,
2801.670424036, 1.000141322,
2801.690855873, 1.000154840,
2801.711287511, 1.000135802,
2801.731719348, 1.000158810,
2801.752151086, 1.000139380,
2801.772582724, 1.000102096,
2801.793014562, 1.000089586,
2801.813446200, 1.000203846,
2801.833877939, 1.000139883,
2801.854309778, 1.000173218,
2801.895173156, 1.000127073,
2801.915604995, 1.000064147,
2801.936036634, 1.000161778,
2801.956468474, 1.000098075,
2801.976900214, 1.000166198,
2801.997331854, 1.000038152,
2802.017763694, 1.000082443,
2802.038195434, 1.000088855,
2802.058627175, 1.000055008,
2802.079058915, 1.000053938,
2802.099490656, 1.000225694,
2802.140354139, 1.000124345,
2802.160785880, 1.000101722,
2802.181217722, 1.000128069,
2802.201649464, 1.000072166,
2802.222081106, 1.000130901,
2802.242512948, 1.000035246,
2802.262944691, 1.000076076,
2802.283376433, 1.000112397,
2802.303808176, 1.000084017,
2802.324239919, 1.000044725,
2802.344671762, 1.000076238,
2802.385535149, 1.000076060,
2802.405966993, 1.000312003,
2802.426398637, 1.000117077,
2802.446830381, 1.000080332,
2802.467262125, 1.000063330,
2802.487693870, 1.000155412,
2802.508125715, 1.000149187,
2802.528557360, 1.000115784,
2802.548989105, 1.000059727,
2802.569420950, 1.000083510,
2802.589852596, 1.000210235,
2802.630716187, 1.000190953,
2802.651147833, 1.000142601,
2802.671579679, 1.000197745,
2802.692011426, 1.000150592,
2802.712443173, 1.000169721,
2802.732874919, 1.000111607,
2802.753306666, 1.000011038,
2802.773738414, 1.000219070,
2802.794170161, 1.000214355,
2802.814601909, 1.000294257,
2802.835033757, 1.000234607,
2802.855465505, 1.000124148,
2802.875897153, 1.000117364,
2802.896329001, 1.000100758,
2802.916760750, 1.000192833,
2802.937192399, 1.000081172,
2802.957624248, 1.000163017,
2802.978055997, 1.000187935,
2802.998487646, 1.000271687,
2803.018919496, 1.000262885,
2803.039351246, 1.000251267,
2803.059783096, 1.000179127,
2803.080214746, 1.000248880,
2803.121078247, 1.000172123,
2803.141509998, 1.000142828,
2803.161941749, 1.000127268,
2803.182373500, 1.000174196,
2803.202805251, 1.000188759,
2803.223237103, 1.000162890,
2803.243668755, 1.000165204,
2803.264100506, 1.000101301,
2803.284532359, 1.000212872,
2803.304964011, 1.000101104,
2803.325395764, 1.000114580,
2803.366259269, 1.000116290,
2803.386691123, 1.000170473,
2803.407122876, 1.000146715,
2803.427554630, 1.000188256,
2803.447986383, 1.000119344,
2803.468418137, 1.000208836,
2803.488849892, 1.000192928,
2803.509281646, 1.000246923,
2803.529713400, 1.000131236,
2803.550145255, 1.000151537,
2803.570577010, 1.000191669,
2803.611440521, 1.000187077,
2803.631872277, 1.000129426,
2803.652303932, 1.000184535,
2803.672735788, 1.000182754,
2803.693167545, 1.000270573,
2803.713599201, 1.000174138,
2803.734031058, 1.000221116,
2803.754462814, 1.000136142,
2803.774894671, 1.000247654,
2803.795326329, 1.000192163,
2803.815758086, 1.000039230,
2803.856621602, 1.000129691,
2803.877053260, 1.000218472,
2803.897485118, 1.000182448,
2803.917916876, 1.000174378,
2803.938348735, 1.000166906,
2803.958780394, 1.000130969,
2803.979212153, 1.000262229,
2803.999644012, 1.000268844,
2804.020075672, 1.000284229,
2804.040507432, 1.000182561,
2804.060939292, 1.000153072,
2804.101802812, 1.000351029,
2804.122234573, 1.000177371,
2804.142666333, 1.000090333,
2804.163098094, 1.000083946,
2804.183529856, 1.000013883,
2804.203961617, 1.000144467,
2804.224393478, 1.000091537,
2804.244825140, 1.000131912,
2804.265256902, 1.000123191,
2804.285688764, 1.000146781,
2804.306120427, 1.000148710,
2804.326552290, 1.000105365,
2804.346984052, 1.000123352,
2804.367415715, 1.000057353,
2804.387847579, 1.000221850,
2804.408279342, 1.000191463,
2804.428711006, 1.000207157,
2804.449142870, 1.000092704,
2804.469574634, 1.000035817,
2804.490006398, 1.000057866,
2804.510438163, 1.000026807,
2804.530869828, 1.000123992,
2804.551301693, 1.000075054,
2804.592165223, 1.000073835,
2804.612596989, 1.000108219,
2804.633028755, 1.000086732,
2804.653460621, 1.000002751,
2804.673892287, 1.000167168,
2804.694324053, 1.000131468,
2804.714755920, 1.000157136,
2804.735187687, 1.000034527,
2804.755619354, 0.999978682,
2804.776051221, 1.000001652,
2804.796482989, 1.000050899,
2804.837346524, 0.999919882,
2804.857778293, 1.000181809,
2804.878210161, 1.000038782,
2804.898641830, 1.000092858,
2804.919073598, 0.999961073,
2804.939505467, 0.999990765,
2804.959937137, 0.999926790,
2804.980368906, 0.999978428,
2805.000800776, 0.999988424,
2805.021232446, 0.999985042,
2805.041664316, 1.000075400,
2805.082527757, 1.000047608,
2805.102959628, 0.999924427,
2805.123391399, 0.999998447,
2805.143823070, 0.999905724,
2805.164254941, 0.999971914,
2805.184686713, 1.000040322,
2805.205118485, 1.000000752,
2805.225550257, 1.000089088,
2805.245982029, 1.000051023,
2805.266413802, 1.000129298,
2805.286845574, 1.000085802,
2805.327709120, 1.000070423,
2805.348140894, 1.000052108,
2805.368572767, 1.000091559,
2805.389004441, 1.000021106,
2805.409436215, 1.000118576,
2805.429868090, 1.000020308,
2805.450299864, 1.000116425,
2805.470731539, 1.000057463,
2805.491163414, 0.999964140,
2805.511595189, 0.999939725,
2805.532026864, 0.999903715,
2805.572890516, 1.000034036,
2805.593322392, 1.000063391,
2805.613754068, 0.999976453,
2805.634185845, 0.999943855,
2805.654617721, 0.999976170,
2805.675049398, 0.999997746,
2805.695481176, 0.999970603,
2805.715913053, 1.000000048,
2805.736344731, 1.000033798,
2805.756776608, 0.999945045,
2805.777208386, 0.999929268,
2805.818071943, 0.999909779,
2805.838503722, 0.999984778,
2805.858935501, 0.999961741,
2805.879367280, 0.999996624,
2805.899799060, 0.999965866,
2805.920230839, 1.000019637,
2805.940662619, 0.999907745,
2805.961094399, 0.999906203,
2805.981526180, 0.999923939,
2806.001957960, 0.999957721,
2806.022389741, 0.999941590,
2806.063253303, 0.999929075,
2806.083685085, 0.999861744,
2806.104116966, 0.999927351,
2806.124548648, 0.999872925,
2806.144980530, 0.999987364,
2806.165412313, 0.999929922,
2806.185843995, 0.999825420,
2806.206275878, 0.999807586,
2806.226707661, 0.999869679,
2806.247139344, 0.999963579,
2806.267571228, 0.999890058,
2806.288003012, 0.999978308,
2806.308434896, 0.999905357,
2806.328866580, 0.999925649,
2806.349298364, 0.999899139,
2806.369730249, 0.999951749,
2806.390161934, 0.999944372,
2806.410593719, 0.999965918,
2806.431025604, 0.999975463,
2806.451457290, 0.999979431,
2806.471889176, 0.999979009,
2806.492320962, 0.999927069,
2806.512752748, 0.999941397,
2806.553616321, 0.999974195,
2806.574048008, 1.000012161,
2806.594479896, 0.999962363,
2806.614911683, 1.000031048,
2806.635343371, 1.000008560,
2806.655775259, 1.000002969,
2806.676207047, 0.999991949,
2806.696638835, 1.000015424,
2806.717070624, 0.999981957,
2806.737502413, 0.999928591,
2806.757934302, 0.999935489,
2806.798797781, 1.000000687,
2806.819229670, 0.999961154,
2806.839661360, 0.999986805,
2806.860093251, 0.999963719,
2806.880525041, 0.999973722,
2806.900956732, 0.999971386,
2806.921388623, 0.999970410,
2806.941820414, 0.999977065,
2806.962252105, 0.999956962,
2806.982683997, 1.000031517,
2807.003115789, 0.999995843,
2807.043979373, 0.999983455,
2807.064411166, 0.999986407,
2807.084843059, 1.000032804,
2807.105274752, 0.999968821,
2807.125706545, 1.000081537,
2807.146138439, 0.999990140,
2807.166570133, 1.000043804,
2807.187002027, 1.000049605,
2807.207433821, 1.000063771,
2807.227865515, 1.000065889,
2807.248297410, 1.000108802,
2807.289160900, 1.000150126,
2807.309592796, 1.000133656,
2807.330024592, 1.000051437,
2807.350456288, 1.000198005,
2807.370888184, 1.000124642,
2807.391319980, 1.000191187,
2807.411751877, 1.000193451,
2807.432183574, 1.000117039,
2807.452615371, 1.000164409,
2807.473047268, 1.000184616,
2807.493478966, 1.000104033,
2807.534342662, 1.000080530,
2807.554774360, 1.000010438,
2807.575206259, 1.000115564,
2807.595638058, 1.000113248,
2807.616069757, 1.000156778,
2807.636501656, 1.000256727,
2807.656933456, 1.000226003,
2807.677365156, 1.000209240,
2807.697797055, 1.000161740,
2807.718228856, 1.000179189,
2807.738660756, 1.000110802,
2807.779524258, 1.000206787,
2807.799956159, 1.000197281,
2807.820387861, 1.000131423,
2807.840819663, 1.000153702,
2807.861251565, 1.000156577,
2807.881683367, 1.000163440,
2807.902115069, 1.000180212,
2807.922546972, 1.000152900,
2807.942978775, 1.000121218,
2807.963410578, 1.000108115,
2807.983842382, 1.000167227,
2808.024705990, 1.000180913,
2808.045137794, 1.000183752,
2808.065569498, 1.000066652,
2808.086001403, 1.000237647,
2808.106433208, 1.000198950,
2808.126865113, 1.000207918,
2808.147296819, 1.000097861,
2808.167728624, 1.000096039,
2808.188160530, 1.000118477,
2808.208592236, 1.000111361,
2808.229024043, 1.000120020,
2808.269887657, 1.000119856,
2808.290319564, 1.000137533,
2808.310751371, 1.000186180,
2808.331183079, 1.000171282,
2808.351614987, 1.000203323,
2808.372046795, 1.000121629,
2808.392478603, 1.000109164,
2808.412910412, 1.000019147,
2808.433342221, 1.000057206,
2808.453774030, 1.000097785,
2808.474205840, 1.000059468,
2808.535501369, 1.000194336,
2808.555933080, 1.000128034,
2808.576364991, 1.000225213,
2808.596796702, 1.000225531,
2808.617228513, 1.000048426,
2808.637660424, 1.000025080,
2808.658092136, 1.000128092,
2808.678524048, 1.000401121,
2808.698955860, 1.000273186,
2808.719387573, 1.000299124,
2808.739819485, 1.000212315,
2808.760251298, 1.000184867,
2808.780683011, 1.000221385,
2808.801114925, 1.000119900,
2808.821546739, 1.000158543,
2808.841978653, 1.000135774,
2808.862410367, 1.000018835,
2808.882842181, 1.000103095,
2808.903274096, 1.000170837,
2808.923705811, 1.000227292,
2808.944137626, 1.000148710,
2808.964569542, 1.000199325,
2809.005433174, 1.000074042,
2809.025864990, 1.000105155,
2809.046296707, 1.000214537,
2809.066728623, 1.000165189,
2809.087160440, 1.000278737,
2809.107592258, 1.000141230,
2809.128024075, 1.000041250,
2809.148455893, 1.000031873,
2809.168887711, 1.000093106,
2809.189319629, 1.000171556,
2809.209751348, 1.000137442,
2809.230183267, 1.000085960,
2809.250614986, 0.999943342,
2809.271046805, 0.999980100,
2809.291478725, 0.999994193,
2809.311910445, 1.000059881,
2809.332342265, 1.000086133,
2809.352774185, 1.000086340,
2809.373205906, 1.000088977,
2809.393637827, 1.000103585,
2809.414069648, 1.000112115,
2809.434501370, 1.000020048,
2809.454933291, 0.999967061,
2809.495796836, 1.000033537,
2809.516228758, 1.000005893,
2809.536660581, 1.000029001,
2809.557092504, 1.000078008,
2809.577524227, 1.000058333,
2809.597956051, 1.000040505,
2809.618387974, 1.000053167,
2809.638819698, 1.000012693,
2809.659251523, 0.999990106,
2809.679683447, 0.999939947,
2809.700115272, 0.999917964,
2809.740978923, 1.000012943,
2809.761410748, 1.000002920,
2809.781842574, 1.000004931,
2809.802274400, 1.000062707,
2809.822706227, 1.000074455,
2809.843138053, 1.000047794,
2809.863569880, 0.999971633,
2809.884001707, 0.999916766,
2809.904433635, 1.000046130,
2809.924865363, 0.999955425,
2809.945297291, 1.000062769,
2810.006592776, 1.000069473,
2810.027024505, 1.000156186,
2810.047456335, 0.999975790,
2810.067888264, 0.999997743,
2810.088319994, 1.000014144,
2810.108751924, 1.000014673,
2810.129183755, 1.000097313,
2810.149615485, 1.000065618,
2810.170047416, 1.000154531,
2810.190479248, 0.999984552,
2810.210910979, 1.000080120,
2810.231342911, 1.000072690,
2810.251774743, 1.000080408,
2810.272206675, 1.000076326,
2810.292638408, 1.000057248,
2810.313070240, 1.000079640,
2810.333502173, 1.000149976,
2810.353933907, 1.000233157,
2810.374365740, 1.000243395,
2810.394797674, 1.000371310,
2810.415229508, 1.000256423,
2810.435661343, 1.000344786,
2810.456093177, 1.000111634,
2810.476525012, 1.000162989,
2810.496956848, 1.000120205,
2810.517388683, 1.000124923,
2810.537820519, 1.000209026,
2810.558252455, 1.000183949,
2810.578684191, 1.000225143,
2810.599116028, 1.000214197,
2810.619547865, 1.000223373,
2810.639979702, 1.000220631,
2810.660411639, 1.000203737,
2810.680843377, 1.000198726,
2810.721707153, 1.000042443,
2810.742138892, 1.000021383,
2810.762570730, 1.000078293,
2810.783002669, 1.000016683,
2810.803434409, 0.999936201,
2810.823866348, 0.999776446,
2810.844298188, 0.999853385,
2810.864729928, 0.999657990,
2810.885161869, 0.999643668,
2810.905593709, 0.999652922,
2810.926025550, 0.999766863,
2810.966889233, 0.999962488,
2810.987321175, 1.000017605,
2811.007752917, 1.000060797,
2811.028184759, 1.000180549,
2811.048616702, 1.000013348,
2811.069048545, 1.000080661,
2811.089480288, 0.999975487,
2811.109912231, 0.999999810,
2811.130344075, 0.999956107,
2811.150775919, 1.000071929,
2811.171207763, 1.000036004,
2811.212071552, 1.000083941,
2811.232503298, 1.000016242,
2811.252935143, 1.000166129,
2811.273366989, 1.000011454,
2811.293798834, 1.000083503,
2811.314230681, 0.999993477,
2811.334662527, 1.000131166,
2811.355094374, 1.000058720,
2811.375526321, 1.000162376,
2811.395958068, 1.000018766,
2811.416389916, 1.000092588,
2811.436821864, 1.000151071,
2811.457253612, 1.000045792,
2811.477685460, 1.000125491,
2811.498117409, 1.000085221,
2811.518549158, 1.000135395,
2811.538981107, 1.000168126,
2811.559412957, 1.000214335,
2811.579844806, 1.000141154,
2811.600276657, 1.000177388,
2811.620708507, 1.000163728,
2811.641140358, 1.000074344,
2811.661572209, 1.000239702,
2811.702436011, 1.000198477,
2811.722867863, 1.000237816,
2811.743299615, 1.000232831,
2811.763731568, 1.000183801,
2811.784163420, 1.000221351,
2811.804595173, 1.000241568,
2811.825027126, 1.000241238,
2811.845458980, 1.000203266,
2811.865890834, 1.000174229,
2811.886322688, 1.000250336,
2811.906754542, 1.000245615,
2811.947618252, 1.000214424,
2811.968050107, 1.000258827,
2811.988481962, 1.000204253,
2812.008913818, 1.000303792,
2812.029345574, 1.000203845,
2812.049777530, 1.000232950,
2812.070209387, 1.000206668,
2812.090641344, 1.000205638,
2812.111073101, 1.000229869,
2812.131504959, 1.000154126,
2812.151936916, 1.000232206,
2812.192800533, 1.000294194,
2812.213232491, 1.000154353,
2812.233664250, 1.000177891,
2812.254096209, 1.000185400,
2812.274528069, 1.000180294,
2812.294959929, 1.000237065,
2812.315391789, 1.000142987,
2812.335823649, 1.000276811,
2812.356255510, 1.000192832,
2812.376687471, 1.000315775,
2812.397119232, 1.000281245,
2812.417551193, 1.000196846,
2812.437983055, 1.000123223,
2812.458414817, 1.000176972,
2812.478846780, 1.000220586,
2812.499278642, 1.000119773,
2812.519710405, 1.000135867,
2812.540142368, 1.000119491,
2812.560574232, 1.000174087,
2812.581006196, 1.000178804,
2812.601437960, 1.000242218,
2812.621869824, 1.000273313,
2812.642301689, 1.000344696,
2812.683165419, 1.000157016,
2812.703597285, 1.000192912,
2812.724029151, 1.000212569,
2812.744461017, 1.000205046,
2812.764892883, 1.000365216,
2812.785324750, 1.000248839,
2812.805756717, 1.000101229,
2812.826188484, 1.000204308,
2812.846620352, 1.000262111,
2812.867052320, 1.000199677,
2812.887484088, 1.000225814,
2812.907915956, 1.000256216,
2812.928347925, 1.000218591,
2812.948779794, 1.000333053,
2812.969211663, 1.000212974,
2812.989643533, 1.000291558,
2813.010075403, 1.000259886,
2813.030507273, 1.000251634,
2813.050939144, 1.000251992,
2813.071371015, 1.000138969,
2813.091802986, 1.000208616,
2813.112234757, 1.000317872,
2813.132666729, 1.000328183,
2813.173530373, 1.000310377,
2813.193962346, 1.000298407,
2813.214394219, 1.000269231,
2813.234825992, 1.000290633,
2813.255257965, 1.000252500,
2813.275689839, 1.000227723,
2813.296121713, 1.000224291,
2813.316553588, 1.000304587,
2813.336985462, 1.000346526,
2813.357417337, 1.000293919,
2813.377849213, 1.000340248,
2813.418712964, 1.000418944,
2813.439144840, 1.000313567,
2813.459576717, 1.000295122,
2813.480008593, 1.000263544,
2813.500440470, 1.000206863,
2813.520872448, 1.000218198,
2813.541304225, 1.000236781,
2813.561736103, 1.000305166,
2813.582168082, 1.000368477,
2813.602599960, 1.000270779,
2813.623031739, 1.000296442,
2813.663895598, 1.000306578,
2813.684327477, 1.000372626,
2813.704759357, 1.000412137,
2813.725191238, 1.000306933,
2813.745623219, 1.000424499,
2813.766055000, 1.000221340,
2813.786486881, 1.000273877,
2813.806918862, 1.000341102,
2813.827350644, 1.000279206,
2813.847782626, 1.000312068,
2813.868214509, 1.000303633,
2813.909078275, 1.000265676,
2813.929510158, 1.000259249,
2813.949941942, 1.000184891,
2813.970373926, 1.000181091,
2813.990805810, 1.000253539,
2814.011237595, 1.000374876,
2814.031669580, 1.000411470,
2814.052101365, 1.000359613,
2814.072533350, 1.000429473,
2814.092965236, 1.000252481,
2814.113397022, 1.000301893,
2814.133829009, 1.000260659,
2814.154260895, 1.000242279,
2814.174692782, 1.000312586,
2814.195124670, 1.000288257,
2814.215556557, 1.000384788,
2814.235988545, 1.000269089,
2814.256420434, 1.000276949,
2814.276852222, 1.000283365,
2814.297284211, 1.000315654,
2814.317716100, 1.000347824,
2814.338147890, 1.000415684,
2814.358579879, 1.000418639,
2814.399443760, 1.000464694,
2814.419875551, 1.000307819,
2814.440307442, 1.000277223,
2814.460739433, 1.000243304,
2814.481171225, 1.000218587,
2814.501603116, 1.000273920,
2814.522035109, 1.000266049,
2814.542466901, 1.000268488,
2814.562898894, 1.000277210,
2814.583330787, 1.000329614,
2814.603762581, 1.000287657,
2814.644626469, 1.000247584,
2814.665058263, 1.000226125,
2814.685490258, 1.000195841,
2814.705922153, 1.000109654,
2814.726354048, 1.000190458,
2814.746785944, 1.000231807,
2814.767217840, 1.000275797,
2814.787649736, 1.000214366,
2814.808081633, 1.000174691,
2814.828513530, 1.000239757,
2814.848945427, 1.000194503,
2814.889809222, 1.000169522,
2814.910241120, 1.000237214,
2814.930673019, 1.000327665,
2814.951105017, 1.000272718,
2814.971536917, 1.000211553,
2814.991968716, 1.000230862,
2815.012400716, 1.000220109,
2815.032832616, 1.000154006,
2815.053264416, 1.000184822,
2815.073696417, 1.000203732,
2815.094128318, 1.000143621,
2815.134992120, 1.000255063,
2815.155424022, 1.000345753,
2815.175856025, 1.000205354,
2815.196287827, 1.000162583,
2815.216719730, 1.000164650,
2815.237151733, 1.000203242,
2815.257583537, 1.000144300,
2815.278015540, 1.000165849,
2815.298447445, 1.000231508,
2815.318879249, 1.000198167,
2815.339311254, 1.000237554,
2815.380174964, 1.000201369,
2815.400606970, 1.000164780,
2815.421038776, 1.000185209,
2815.441470682, 1.000217178,
2815.461902689, 1.000241505,
2815.482334596, 1.000263751,
2815.502766503, 1.000246485,
2815.523198410, 1.000318343,
2815.543630318, 1.000300925,
2815.564062227, 1.000329573,
2815.584494135, 1.000320074,
2815.625358053, 1.000308146,
2815.645789863, 1.000260522,
2815.666221873, 1.000256295,
2815.686653783, 1.000240354,
2815.707085593, 1.000335483,
2815.727517604, 1.000301952,
2815.747949515, 1.000396000,
2815.768381326, 1.000382634,
2815.788813338, 1.000308449,
2815.809245250, 1.000215791,
2815.829677263, 1.000301332,
2815.890973002, 1.000281645,
2815.911404815, 1.000241111,
2815.931836729, 1.000191081,
2815.952268744, 1.000227055,
2815.972700558, 1.000206984,
2815.993132573, 1.000307177,
2816.013564489, 1.000241906,
2816.033996404, 1.000282990,
2816.054428320, 1.000202539,
2816.074860136, 1.000258560,
2816.115724070, 1.000319555,
2816.136155987, 1.000210111,
2816.156587805, 1.000150757,
2816.177019822, 1.000266256,
2816.197451741, 1.000165425,
2816.217883659, 1.000180262,
2816.238315578, 1.000207670,
2816.258747497, 1.000228087,
2816.279179517, 1.000124964,
2816.299611336, 1.000212589,
2816.320043257, 1.000264630,
2816.360907098, 1.000319308,
2816.381339119, 1.000155177,
2816.401771040, 1.000261607,
2816.422202862, 1.000166702,
2816.442634884, 1.000253305,
2816.463066807, 1.000217634,
2816.483498629, 1.000177407,
2816.503930652, 1.000282871,
2816.524362576, 1.000173636,
2816.544794599, 1.000261999,
2816.565226423, 1.000253264,
2816.606090373, 1.000203249,
2816.626522198, 1.000193990,
2816.646954123, 1.000206774,
2816.667386149, 1.000171508,
2816.687817975, 1.000247195,
2816.708250001, 1.000116145,
2816.728681928, 1.000197593,
2816.749113755, 1.000174575,
2816.769545782, 1.000126995,
2816.789977710, 1.000159838,
2816.810409538, 1.000147234,
2816.851273495, 1.000199324,
2816.871705324, 1.000228258,
2816.892137353, 1.000051336,
2816.912569283, 1.000108759,
2816.933001213, 1.000131545,
2816.953433143, 1.000092782,
2816.973865074, 1.000094255,
2816.994297104, 1.000085555,
2817.014728936, 1.000055480,
2817.035160867, 1.000110474,
2817.055592899, 1.000088924,
2817.096456764, 1.000144284,
2817.116888697, 1.000048855,
2817.137320531, 1.000117946,
2817.157752564, 1.000171676,
2817.178184498, 1.000117104,
2817.198616332, 1.000437859,
2817.219048367, 1.000101330,
2817.239480302, 1.000160153,
2817.259912337, 1.000096560,
2817.280344173, 1.000118769,
2817.300776109, 1.000180448,
2817.341639982, 1.000083250,
2817.362071919, 1.000087237,
2817.382503956, 1.000257338,
2817.402935794, 1.000215372,
2817.423367832, 1.000331617,
2817.443799770, 1.000283239,
2817.464231609, 1.000219780,
2817.484663648, 1.000121788,
2817.505095587, 1.000053904,
2817.525527427, 1.000150100,
2817.545959467, 1.000198300,
2817.566391407, 1.000311665,
2817.586823248, 1.000304507,
2817.607255289, 1.000280305,
2817.627687230, 1.000231579,
2817.648119272, 1.000262168,
2817.668551114, 1.000265044,
2817.688983056, 1.000208401,
2817.709415099, 1.000252444,
2817.729846942, 1.000205204,
2817.750278885, 1.000183296,
2817.770710929, 1.000244261,
2817.791142773, 1.000251435,
2817.832006762, 1.000304149,
2817.852438607, 1.000293485,
2817.872870652, 1.000233594,
2817.893302598, 1.000252244,
2817.913734544, 1.000180086,
2817.934166491, 1.000195776,
2817.954598437, 1.000228547,
2817.975030484, 1.000294536,
2817.995462332, 1.000263945,
2818.015894280, 1.000304538,
2818.036326328, 1.000232643,
2818.077190125, 1.000285505,
2818.097622074, 1.000310453,
2818.118054024, 1.000352862,
2818.138486074, 1.000352709,
2818.158918024, 1.000453784,
2818.179349874, 1.000276863,
2818.199781925, 1.000310039,
2818.220213876, 1.000307503,
2818.240645728, 1.000326988,
2818.261077780, 1.000382556,
2818.281509732, 1.000397877,
2818.301941584, 1.000500922,
2818.322373637, 1.000362980,
2818.342805591, 1.000387852,
2818.363237644, 1.000314565,
2818.383669498, 1.000356551,
2818.404101452, 1.000309723,
2818.424533507, 1.000320382,
2818.444965362, 1.000306071,
2818.465397317, 1.000381327,
2818.485829373, 1.000332280,
2818.506261229, 1.000380824,
2818.526693286, 1.000385706,
2818.567557099, 1.000475467,
2818.587989157, 1.000454754,
2818.608421114, 1.000398163,
2818.628853072, 1.000339936,
2818.649285031, 1.000410657,
2818.669716990, 1.000368244,
2818.690148949, 1.000347747,
